[##..#.] (2) (4,5) (3,5) (0,5) (1,5) (1,2,4,5) {4,135,127,8,135,155}
[#..#] (0,1) (0,2) (0,3) (1,3) {129,24,119,18}
[..##] (0,2) (0,3) (0,1) {40,20,6,14}
[.####.] (0,1,3,4) (1,2) (1,2,3,4) (0,1,2,3,5) (2,3,5) (1,3,4) {13,45,18,36,36,0}
[.###...##.] (0,1,2,4,5,7,8) (1,2,3,5,6,7,8,9) (0,2,4,5,6,7,9) (3,6) (0,1,9) (0,1,4) (0,2,3,4,6,8,9) (0,2,3,4,7,9) (2,4,5,9) (0,1,2,5,6,8,9) (0,2,3,5,6,7,9) {286,248,300,62,259,273,77,256,239,116}
[##..] (0,1) (1,2) (0,1,3) {23,32,9,15}
[####.#.#] (0,2,4,5) (0,1,2,3,6,7) (0,1,2,5) (0,1,3,4,6) (4,6) (1,2) (0,2,3,4,5,7) {53,48,61,39,48,31,35,28}
[##.#] (1,2) (0,3) (2) (0) (2,3) (0,1) {26,12,28,30}
[.##...###.] (1,2,3,4,5,6,7,8) (1,4) (0,2,3,4,5,6,7,8) (0,2,3,6,7,8) (0,1,2,3,7,8,9) (0,2,5,6,8,9) (0,1,2,5,8) (0,1,2,4,5,6,8,9) (1,2,3,5,7,9) (0,1,2,7,8) (0,1,3,4,5,6,8,9) (4,7,9) (0,2,3,4,5,7,8,9) {78,59,88,56,56,58,63,76,85,57}
[..##.####] (2,3,4,6,8) (1,2,4,5) (2,6,8) (0,2,5,7) (3,6) (0,2,4) (0,2,3,5,7) (0,1,2,5,8) {35,15,58,22,22,31,23,16,34}
[#...##..] (6,7) (3,4,5,6,7) (0,2,3,4,5,6,7) (0,7) (1,2,3,4,5,6,7) (0,2,4) (0,3,4,5,7) (0,1,2,3,6) (1,2,3,4,7) (0,1,4) {74,40,39,56,79,47,35,75}
[#.#.##..] (0,2,3,4,6) (0,1,5,7) (0,1,2,7) (2,6) (0,1,2,3,4,5) (0,4,6,7) (1,3,4,5,6) (0,1,2,4,6,7) {73,64,62,43,57,46,57,44}
[.#..#...#] (1,7,8) (0,1,3,4,5,6,7) (0,1,2,4,6) (2,3,4,6,7) (0,1,2,3,7) (1,2,5,6,8) (0,1,2,4,5,6,7,8) {22,37,35,29,32,24,39,45,23}
[.#...] (0,1,2,3) (0,2,3) (0,1,4) {21,8,16,16,5}
[.##.#..] (0,1,2,5) (0,1,2,3,5,6) (1,2,3,4,6) (1,2,3) (1,2,4,6) {30,241,241,223,193,30,206}
[##.#...##] (1,2,3,4,5,7) (1,3,4,5,6,7,8) (3,4,6,7) (2,4,8) (1,5,6,7,8) (0,1,3) (0,2,4,8) (7,8) (1,3,5,6,7) (0,1,2,3,4,5,7,8) {49,77,38,72,56,61,49,74,68}
[.#...#..] (0,5) (0,1,2,6,7) (0,1,2,3,6,7) (0,1) (3) (1,3,5) (0,2,7) (0,1,3,4,6,7) (0,1,2,3,6) (5,6) {228,234,52,208,150,32,208,186}
[##..##] (0,1,2,3) (0,3,4) (2,3,4,5) (0,1,2,5) (1,3,5) (0,1,5) {163,9,9,168,162,11}
[.#.##.#] (4,5,6) (0,1,2,3,4,5) (1,2,6) (2,4,6) (0,1,2,3) (0,1,2,6) (0,3) {151,151,171,142,160,140,36}
[##..] (1,2) (0,1,2,3) (0,1) {3,21,18,0}
[#.#.] (2,3) (1,3) (0,2) (1,2,3) (0,1,2) {20,47,48,46}
[####] (1,3) (2,3) (1,2,3) (0) {20,19,135,148}
[#..#] (1) (1,3) (2,3) (0,2,3) (0,3) {196,3,18,208}
[...#.#.] (0,1,2,3,5,6) (0,3,5) (2,3,5,6) (1,2,3,5,6) (0,2,3,4,5) {15,15,41,43,6,43,35}
[..#.#....] (2,6) (1,4,5,7) (3,4,5,8) (1,3,6,7) (4,5,7) (3,5,6,8) (1,2) (0,7,8) (1,8) {9,17,22,25,34,38,23,24,42}
[...#.#.#] (1,4,7) (0,2,3,4,6) (0,3) (0,1,2,3,4,6,7) (2,3,4,6) (0,1,3,5) (1,2,3,7) (0,1,4,5,6,7) (0,1,3,6) (0,1,2,6,7) {46,69,47,63,27,5,45,46}
[###..#.] (3,4,6) (2) (1,5) (2,3,6) (1,2,3,4,5) (0,4,6) {7,24,202,36,43,24,27}
[.#.#] (0) (0,1,2) (0,1,3) (0,2,3) (1,3) {36,32,17,27}
[#.##.] (1,3) (1,2,3) (2) (2,4) (1,2,4) (0,3) {17,25,51,23,34}
[..#.#.#] (0,4,6) (1,4) (1,3,4,6) (0,1) (1,2,3,4) (1,5) (2,3,5,6) {23,52,33,38,46,22,33}
[.##.#.#..] (0,1,3,4,5,6,8) (1,2,4,6) (2,5,6) (3,7) (0,1,2,3,4,5,7) (4,5,6,7,8) (0,1,2,3,4,5,8) {37,55,176,45,65,174,161,38,27}
[.##...#] (5) (0,1,3,4,5,6) (0,6) (2,3) (1,5) (2,4,5,6) (1,2,4,5) (0,1,3,6) {16,24,38,34,22,40,31}
[#...##..] (0,4,5) (1,5) (0,2,6) (1,2,7) (3) (0,2) {15,19,31,15,2,3,13,18}
[.#..###] (2,5,6) (1,6) (5,6) (3,4) (0,4,5) (2,6) (4,5,6) (0,3) {17,13,29,6,26,41,60}
[##....] (0,2,4) (1,5) (0,1,3,5) (2,3,4,5) (0,3) (1,4) (4,5) (0,1,2,3,5) {53,73,45,49,53,72}
[######.] (0,1,5) (0,3,6) (0,1,2,3,6) (3,5) (3) (0,4) (0,1,2,3,4) (2,5,6) {65,32,34,56,28,11,39}
[....#.] (1,5) (2,3) (0,1,2,5) (1,3,4) (4) (0,1,3,4) (3,5) (0,1,2,3,5) {193,224,194,204,45,194}
[.##.#.] (1,2,3,4) (1,2,3) (0,2,5) (0,2,3,4,5) (4) {139,7,146,145,148,139}
[##..#] (0,1,2) (0,1,2,3) (2) (2,3) (0,1,3) (2,4) (0,1,4) {66,66,45,40,26}
[##.##...#] (0,3,5,6) (0,2,3,7,8) (0,2,8) (0,2,3,5,8) (2,3,4) (1,2,3,4,6,7,8) (5,6) (0,1,3,4,5,7,8) (4,8) {58,34,46,73,53,69,56,34,68}
[.####..] (0,2,4,5,6) (1,2,3,5,6) (1,2,5) (2,3,5,6) (4,5) (1,2,3,4) (5,6) (0) (0,1,2,4,5) {27,52,69,29,38,92,42}
[##.#.##] (0,1,2,3,5) (0,1,3,4,6) (0,1,2,4,5,6) (3,5,6) (1,2,5) (1,2,4,5,6) {37,66,50,43,29,60,39}
[#.......#.] (0,1,2,4,7,9) (0,1,3,4,5,6) (8) (1,3,6,7,8) (1,2,4,7,8,9) (0,1,2,3,5,6,8,9) (2,4,6) (0,1,2,3,6,7,8,9) (2,3,4,6,7,8) {30,44,46,37,21,17,40,32,57,38}
[...#..#..#] (0,2,3,7) (0,1,2,4,7,8) (3,5,6,7,8,9) (0,1,5,8,9) (1,2,5,6,8,9) (0,3,4,6,8) (6) (1,2,4,5,7,8,9) (0,7,8) (3,6,9) (1,3,6) {47,31,40,47,37,29,41,62,60,34}
[#......#..] (0,3,4,5) (0,1,2,4,5,6,7,8) (0,1,3,8) (1,2,3,4,5,7,8,9) (0,2,6) (1,2,3,4,5,6,7,9) (1,2,4,7,8,9) (0,1,2,3,4,5,6,9) (0,1,4,5,6,7,8) (1,3,7,9) (0,1,2,4,5,6,9) (0,1,2,3,4,5,7,9) {88,99,88,71,89,73,50,72,55,73}
[#.##.#.] (0,1,2,3,4) (1,3,5) (0,2,3) (1,5,6) (1,2,3) (4,5,6) (1,3,4,5,6) {22,46,38,59,24,36,25}
[#.##.] (0,1,2,4) (2,3,4) (0,2,3) {26,7,26,19,7}
[.#####...] (0,7) (2,5,8) (5) (4,6,7,8) (1,2,4,5,8) (3,5,8) (0,1,2,3,4,5,6,7) (2,3) (4,7) (0,2,3,4,6,7,8) (2,4,5,7,8) {15,5,40,30,36,41,15,41,34}
[#.##] (3) (1,2) (0,2) (2,3) (0,1) {34,28,33,8}
[.###...###] (1,3,5,6,9) (5,7,8,9) (0,3,4,7) (0,3,4,7,8,9) (0,3,4,6,7,9) (0,1,2,3,4,5,7) (0,1,2) (0,1,3,4,5,6,8) (0,1,2,4,6,8) (1,2,4,5,6,7,9) (0,2,4,6,8,9) (1,2,4,5,6,7,8,9) {63,57,32,68,82,62,64,63,74,73}
[##..###.] (0,2) (0,1,3,4,5,7) (0,1,2,6) (3,5,6) (0,1,7) (0,4) (1,2,3,4,5,6) (2,6,7) (2,4,5,7) {46,53,52,31,42,42,32,49}
[.#..#.#..#] (1,4,5,7,8,9) (1,2,3,5,6,7,8,9) (1,2,3,4,5,6,9) (0,2,3,4,6,7,8) (0,4,8) (0,2,3,4,5,9) (1,2,3,5,7,9) (0,2,3,4,6,7,8,9) {50,51,83,83,75,69,47,64,52,79}
[...##..##.] (0,1,2,3,6,7,8,9) (0,3,8) (1,3,4,5,7,8,9) (0,1,2,4,6,7,8) (0,1,2,3,4,5,6,7) (0,1,3,5,6,7,8) (1,2,5,9) (1,2,3,4,5,6,7,9) {59,61,36,74,30,47,45,57,56,33}
[.####.#.] (0,2,6) (0,1,2,3,4,5,7) (1,4,5) (4,6,7) (2,3) (0,1,2,3,4,6,7) {13,10,30,27,12,1,14,12}
[.##.##] (4,5) (2,4,5) (1,2,3,4,5) (0,3,5) (1,3,4,5) (1) (1,2,4,5) (2,3) {2,187,46,177,215,217}
[...#..] (0,2,4,5) (1,3,5) (1,3,4) (0,2,3) (1,2,4) {25,35,40,26,38,35}
[##..#] (0,1,2) (1,2,3,4) (0,1,2,3) (0,2) (1,3,4) {17,27,20,19,19}
[#.###.#.] (1,2,3,6,7) (0,1,2,3,5) (0,2,4,5,7) (0,4) (0,1,3,5,6,7) (0,2,3,4,6) (0,1,2,3,5,6) {68,40,39,48,29,43,41,18}
[#.#.] (2) (0,2) (1,2) (2,3) {14,146,179,10}
[#.###...##] (0,2,3,4,7,8) (0,1,3,4,6,7,8) (0,1,2,3,4,7,8,9) (0,2,3,4,5,8,9) (0,2,6,8,9) (0,1,2,3,4,5,6,7) (0,5,6,7,8,9) (0,1,2,3,4,7,8) (3,7) (3,4,6) {49,34,31,59,55,10,54,40,42,22}
[.###.##.##] (0,4,6) (7,8) (0,2,3,5) (0,1,2,6,8,9) (4,6,7,8) (0,2,3,5,6,8,9) (0,1,2,5,6,8) (1,3,5,9) (3) {41,39,27,43,26,32,47,29,50,34}
[...#.#..#] (0,1,6) (0,1,2,3,4,6,7) (0,2,3,4,5,7,8) (0,1,2,3,4,5,8) (0,3,7) (0,2,4,7) (3,5,8) (0,1,3,4,5,7) {77,70,39,56,57,43,33,38,25}
[.#....#..#] (3,4,5,6,7,8,9) (0,1,2,4,5,6,8) (0,2,3,5,6,7,9) (0,1,2,3,4,6,8,9) (3,6,7,9) (0,3,7) (2,4,5,6,7,9) (2,3,7) (1,3,4,7,9) (4,6,7,9) {57,49,56,76,210,51,205,207,50,200}
[...#####] (0,1,3,4,5) (0,4,6,7) (0,3,5,6) (0,2,3,4,5,6) (0,1,7) (1,2,4) (4) {60,180,157,36,191,36,28,24}
[#.##] (1,3) (0,2,3) {10,20,10,30}
[.###] (2) (1,3) (0,2,3) {12,19,188,31}
[.#.#] (0,2) (1,2) (2) (1,3) (0,3) (3) {122,8,130,26}
[##..#.#...] (0,5,9) (1,3) (2,3,4,9) (0,1,2,3,5,6,8,9) (0,1,2,3,6,7,9) (0,1,2,5,8,9) (0,1,2,4,5,6,7,9) (2,4) (0,1,6) {49,58,31,27,3,26,36,5,24,31}
[##.##] (1,3) (1,2,3) (0,1,4) (0,1,3) (0,3) (4) (3,4) {152,30,19,184,28}
[#..#.] (1,2) (0,1,4) (0,1,3,4) (2,3) (0,1) {25,173,150,10,19}
[...#.] (2,3,4) (1,2) (0,1,2,3,4) (1,2,3) {169,204,212,195,177}
[####..] (1,4) (0,1,2,4) (3,5) (2,4,5) (1,5) (1,2,5) (0,1,3) (1,2,4) {9,64,54,21,54,57}
[##.#.#] (0,1,2,3,5) (1,2,4) (0,4,5) (1,3) (0,1,5) {225,241,38,38,38,225}
[#.##..#.#] (0,1,3,4,5) (2,6,7) (3,6,8) (0,1,2,3,4,5,7) (1,8) (0,1,2,4,5,7) (0,1,3,7) {23,26,12,32,13,13,20,22,15}
[###.#...#.] (3,5,6,8) (0,2,3,4,5,6) (0,6) (0,1,2,3,4,5,6) (4,8) (0,1) (3,4,5,7,8,9) (2,4) (2,3,5) (1,8,9) (1,2,4,5,6,7,8,9) {32,41,44,48,66,66,61,32,64,45}
[.##.....] (3) (1,4,7) (0,2,3,5,6) (0,3,4,5,6,7) (2,4) (2,4,6) (0,1,3,4,5) (0,1,2,5,6,7) (0,2,4,5,6,7) (2,6,7) {22,25,50,19,50,22,48,53}
[.#.#.#.##] (0,1,3,4,6,8) (1,4,7,8) (1,2,3,5,6,7,8) (4,6) (1,2,7) (0,2,3,6,7,8) (0,1,4,5) (1,4,7) (0,5,7,8) (3,7) (5) {42,54,26,26,48,46,31,63,51}
[#..##] (0,3,4) (1,2,3) (1,3) (0,2,3) {34,21,30,55,16}
[.#.##] (1,4) (0) (1,2,3) (1,3,4) (0,1,4) {16,30,1,13,29}
[.#....##] (0,1,2,3,4,7) (4,6,7) (0,3,4,5,6,7) (0,1,3,4,5,6,7) (1,6,7) (0,1,3,4,6,7) (0,3) (0,1,2,5,6,7) (3,4) {227,226,10,231,225,19,227,236}
[.#..#.#.] (1,2,3,4,6) (4,6) (1) (1,3) (2) (0,3,7) (1,4,5) {3,49,14,15,22,17,5,3}
[..##] (1,2) (3) (1) (0) (2) (2,3) {7,13,31,32}
[..#...#..] (0,4) (7) (0,1,2,5,7,8) (1,3,7) (1,3,5,8) (1,2,3,4,5,7,8) (0,1,2,4,6,7,8) (2,6) (0,4,5) (0,1,3,4,5,7) {43,69,45,46,51,47,19,68,45}
[.#..##.] (0,2) (1,3) (0,1,2,3,4,6) (3,4,5) (5,6) (0,2,4) (0,2,3,4,6) (0,6) (2,4) {147,7,29,30,27,20,140}
[####.##...] (1,3,4,6,8) (0) (1,2,4,5,9) (1,2,3,5,7,8,9) (1,3,4,5,7,8) (2,3,4,5,6,8) (0,6,7,8) (0,1,2,3,5,6) (0,3,4,5,6,7,9) (0,2,4,6) {55,59,49,75,88,76,79,43,66,36}
[.#.###.] (5,6) (0,2,3,5) (0,1,5,6) (0,1,2,3,4) (0,2,3,5,6) (2,3) (0,1,2,4,5,6) {71,44,62,49,31,56,49}
[.#.##..#] (0,5) (3,4,5,6) (1,2,3,4,5,6) (2,4) (0,2,6,7) (0,1,3,5,6) (0,2,4,5,6,7) (0,1,4,6) (1,3,6,7) (1,3,4,5,6,7) {68,57,195,58,215,73,110,53}
[..##.....] (5,7) (1,3,4,6) (0,2,3,4,5,7,8) (1,3,4,8) (0,5) (2,3) (0,3,4,7,8) (0,1,2,3,5,6,8) {30,37,18,67,50,23,23,34,43}
[##.##] (1,2) (1,2,3) (0,3,4) (0,1,4) {15,49,39,24,15}
[###...] (1,4) (0,1,5) (2,5) (2,4) (0,5) (0,1,3,4) (1,2,3,4) {49,61,8,27,41,30}
[###...#...] (0,1,3,4,5,6,9) (3,8) (0,1,3) (0,1,2,3,5,9) (0,1,2,3,4,5,6,8) (0,1,5,6,8,9) (0,1,2,3,4,5,6,9) (1,2) (0,4,6,7) (1,2,3,4,7) (4,9) (0,2,7,8) {92,75,51,78,50,50,43,28,47,49}
[..##.#..#.] (0,1,2,3,6,7,8) (3,5,6,7) (4,5) (3,5,6,8) (0,1,4,5,6,7,9) (0,1,2,3,4,5,7,9) (0,2,3,8) (0,1,2,3,4,8) {44,43,33,48,45,46,32,31,34,23}
[.#.###] (0,2) (0,1,5) (1,3,4) (1,3) (1,2) {29,29,31,9,8,9}
[..#..#.#] (0,1,2,3,4,6) (0,1,2,4,6) (0,1,2,3,4,5) (0,2,3,4,5,6) (5,7) (1,2,7) {54,50,70,35,54,37,47,26}
[######.] (1,4) (6) (0,1,2,4,5,6) (1) (0,1,4) (3,4,5) (0,1,2,3,4,5) (4) (2,3,6) {30,48,37,38,50,41,31}
[.#####.] (0,3,6) (0,1,2,3,6) (0,2,3,4,5) (0,2,4) (0,1,3,6) (1,5,6) {57,32,36,49,19,11,38}
[..#.#.#] (3,5) (0,1,4,6) (0,4,6) (2,4,6) (1,3,4,5,6) (0,3) {17,1,3,31,6,17,6}
[###.#] (1,4) (0,1,2,4) (0,3,4) (0) (0,2,3) {34,9,10,16,23}
[####..##] (0,1,3,4,6,7) (1,3,6,7) (0,1,4,6) (0,1,2,4,7) (2,3,5,7) (0,2,3,4,6,7) (2,4,7) (0,1,2,4,5,6,7) {25,23,50,30,44,18,24,56}
[.....#..#] (5,8) (0,2,3,6,8) (4,5,6) (0,1,2,3,5,6,7) (0,1,2,4,7,8) (0,1,5,6,7,8) (2,4,5,6) (1,4,7) (0,1,2,3,4,5,7) {52,227,52,24,231,77,65,227,39}
[#..#..##] (0,2,5,7) (0,1,7) (2,3,5,6) (1,5) (0,3,4,6,7) (0,1,2,4,5,6) (0,1,2,5,7) (0,1,3,4,6,7) (1,6,7) {241,72,202,37,41,207,64,246}
[#.#..#] (0,2,4) (3) (2) (1,4) (2,4,5) (4,5) (0,2) {22,8,60,19,60,33}
[..###] (0,3) (0,1,4) (0,1,2,3) {186,171,159,174,12}
[.######.] (4,5,7) (0,1,6) (1,3,4,5,6,7) (3,4,6) (0,2,3,4,5) (0,1,3,4,5,6) (1,3,4,5) (1,2,3,5,6) {26,199,27,209,195,207,58,17}
[..#..##.#] (1,2,4,5,7,8) (0,1,2,5,6,7,8) (0,2) (1,3,4,5,6) (3,7) (0,2,3,4,5,6,7,8) (1,8) (0,2,3,4,5,6) (1,2,3,7) (1,4,5,8) {33,78,58,49,67,80,44,70,81}
[###.#....#] (0,3,4,5,6) (3,5) (3,4,7,9) (0,1,2,3,6,8) (0,1,2,7,8) (2,4,6,7) (0,1,3,4,5,6,7,8) (0,1,3,6,7,8,9) (2,4) (0,1,5,6,7,8,9) (1,7) {79,97,50,76,47,37,70,105,78,44}
[..#..#] (4,5) (0,3,4,5) (1,4,5) (0,2,3,5) (0,1,2,3,5) {222,20,33,222,193,226}
[#.#.] (0,1,3) (0,2) {128,110,18,110}
[#.##] (0,2,3) (0,1,3) {31,11,20,31}
[.#..#.] (2,3,4) (0,2,3,5) (4,5) (1,2) (2,3,4,5) (0,3) (0,5) {30,20,67,55,48,51}
[#.##.##..] (0,1,3,4,6,8) (1,2,4,5,6) (2,3,4,5,6,7,8) (1,2,3,7,8) (0,3,7,8) (0,3,6,7) (0,2,4,5,7,8) (0,1,5) (0,1,4,5,6,7,8) {61,41,40,47,33,51,41,57,39}
[...#.#] (0,2,4,5) (0,2) (0,1,2,5) (1,3,4,5) {16,11,16,6,6,11}
[#..###....] (2,5,7,8,9) (0,2,4,5,6,7,8) (0,1,2,3,5,6,8,9) (0,2,5,7,8) (0,1,2,4,6,8,9) (1,3,5,8,9) (2,3,6,7) (0,1,4,6,7,8,9) (1,7) (5,6,8) (1,6,8) {68,84,76,35,39,80,89,84,121,69}
[#..#] (2) (1,3) (2,3) (0,2,3) {7,20,29,39}
[#.#.###] (0,1,2,3,6) (0,1,2,3,4,5) (2,3) (0,3,4,6) (0,5) (0,1,5,6) (2,4,5) {30,18,43,36,37,32,15}
[#####] (2,3,4) (0,1,2,4) (1,2) (0,3,4) (0,1,3,4) (1,2,3) {18,34,43,17,27}
[.#.#.#..] (1,3,5,6) (0,2,3,4,5,6,7) (1,2,3,5) (0,2,3,4,7) (0,1,3,4,5,6,7) (0,2,4,5,6,7) (1,3,5) (2,6,7) {20,40,18,52,20,51,33,21}
[...#.###.] (3,7) (1,4,5) (1,4,8) (0,4,5,6,7) (0,4,8) (0,1,2,3,6,7,8) (0,1,3,5,6,7) (1,2,4,8) {36,25,11,14,47,23,21,28,31}
[###..#.#.] (2,3,4,5,6) (1,2,4,7) (4) (6,8) (0,1,2,6,7) (0,3,4,5,6,7,8) (0,2,6,8) (0,1,2,3,4,6,8) (0,3,4,8) (1,5,6,7,8) (0,3,7,8) {43,27,39,20,30,13,49,36,29}
[#.......#] (0,5,7) (0,8) (0,1,2,3,4,8) (0,1,3,5,6,7) (2,6,7) (4,8) (1,2,4,6) (0,3) (2,4,5,6,7,8) {40,28,192,36,177,187,211,203,171}
[..##.#] (1,3,5) (0,4) (3) (0,2,4,5) {15,15,9,23,15,24}
[.#...] (1) (3,4) (2,4) (0,2,4) (0,1) (0,3) {32,18,22,24,31}
[...##..#] (2) (0,1,4,6) (1,4,5) (0,2,6,7) (1,2,3,4,5,6,7) (1,2,3,7) (0,1,2,4,5,6) (0,4,5,7) {18,163,161,153,164,161,150,164}
[#.##.] (0,1,3,4) (0,3) (0,4) (1) (2) (2,3) {22,22,130,31,15}
[#..#.#.#.] (2,4,5,6,8) (2,3,4,5,6) (1,2,3,5,6,7,8) (0,2,3,5,8) (3,5,8) (0,3,4,5,7,8) (0,5,6,8) (1,6,7) (1,4,5,6,7,8) {23,198,28,33,206,246,233,203,242}
[####.#.] (3,5) (2,4,6) (0,1,3,4,5) (1,2,6) (0,4) (0,2,3,4) (1,3) {29,14,26,28,47,24,22}
[..#..] (3,4) (0,1,2,4) (0,2,3,4) (1,2,3) {29,19,36,191,196}
[.#..#..] (0,1,2,5) (0,3) (2,3,4,5) (1,2,5,6) (0,1,2) {16,23,34,21,11,30,17}
[.##.##] (1,3,5) (1,5) (2,3,4) (1,4,5) (0,1,2,4,5) (0,1,3) {16,29,24,15,31,28}
[#.#...##..] (0,2,4,5,6,7,8,9) (5,6,9) (4,7) (1,5,8) (0,2,3,4,5,6,8) (1,2,3,4,6,8,9) (0,1,2,7,8,9) (0,1,2,4,5,7,8) (7,9) (1,3,4,5,6,7,9) (0,1,2,5,6,7,8,9) (0,2,7,8,9) (1,6,8,9) {50,73,53,27,57,71,65,100,82,103}
[##.#...] (1,2,3,5,6) (0,2,5,6) (1,2,4) (3) (0,1,3,4,6) {16,175,177,30,161,23,30}
[#######.##] (3,7) (1,4,5,6,7,8,9) (2,3,5,6,8,9) (0,2,3,4,5,9) (3,6,7) (0,2,3,5) (2,4,6) (1,4,5) (2,9) (0,8) (0,1,3,4,5,7,8,9) (2,3,7) (4,8) {205,190,67,233,221,224,48,205,186,199}
[#####...##] (0,1,2,3,4,8,9) (1,2,3,4,5,9) (1,4,5,6,9) (0,1,2,4,5,6) (0,3,4) (1,2,3,4,6,7,8,9) (0,1,4,7,9) (1,4,5,6,8) (3,7,8) (6,9) {10,58,30,31,58,35,50,18,36,53}
[.#.#] (1,3) (0,2,3) {6,13,6,19}
[..####] (1,2,3,4) (2,3,5) (0,1,2,4) (1,5) {9,29,212,203,14,213}
[..##....#] (0,2,5,7) (0,1,4,5,6,8) (0,1,2,4,6) (3,4,5,6) (2,3,7) (2,3,8) (0,1,2,3,4,5,8) (3,4,7) (0,2,4,5,6,7) (1,6,8) {63,45,86,77,85,69,63,48,49}
[...#######] (0,1,2,3,5,7,8,9) (1,3) (6,9) (1,3,4,5) (0,3,9) (1,2,4,5,6,8,9) (8,9) (0,1,3,4,6,8,9) (0,1,2,4,6) (0,1,2,6,8) {56,55,34,37,33,7,59,0,29,47}
[.##...] (0,2,4) (3,4) (0,2) (1,3,4,5) (0,2,5) (0,2,3,5) (1,2,4) {28,20,32,23,30,19}
[#..##.##.#] (1,3,5,6,9) (2,8) (0,2,3,4,5,6,7,9) (0,2,4,5,6,8,9) (1,2,3,4,5,6,8) (2,3,4,5,7) (0,1,2,3,4,7,8,9) (1,2,4,5,8) (1,3,5,9) {30,60,187,67,53,55,30,29,176,50}
[#..#.] (1,2,4) (2) (0,4) (1,2,3,4) (0,1,3) (1,2,3) (0,1,3,4) {19,24,34,11,36}
[#.#####.] (0,1,2,4,6) (0,4) (1,4) (0,3,5) (4,6,7) (3,5) (2,4) (1,2) (2,3,4,5,6,7) {24,33,197,178,215,178,183,177}
[#.#.#] (1,3,4) (0,2,4) (0,3,4) {31,106,15,122,137}
[...##.#..] (4,5,7,8) (0) (3,4,6,8) (0,2,3,6,7) (3,7) (0,1,2,3,4,5,6) (1,2,3,4,5,6) (3,7,8) (0,2,3,4,5,6,7) (0,7,8) (3,5) {49,4,16,71,28,25,29,65,52}
[##..] (0,1) (0,1,3) (1,2) {18,27,9,6}
[.#.#####.#] (1,5,7,9) (0,2,6,8,9) (3,4) (1,3,6) (3,5,6,7) (1,3,4,5,6,7,9) (0,2,5,6,9) (0,3,4,6,8) {171,13,15,207,179,38,203,23,156,19}
[#..##.] (0,3,4) (0,2,5) (2) (1,2,3,5) (3) {27,16,43,40,19,24}
[.####] (0,3,4) (0,4) (2) (1,2,3,4) (0,2,3,4) (0,3) (2,3) {53,7,42,71,47}
[..#.#.####] (0,3,5,7) (1,8) (0,1,3,4,5,6,8,9) (0,1,2,4,5,6,8,9) (0,2,3,5,7,8,9) (0,1,2,3,4,7,8,9) (4,6,7,8) (0,5,6) (7,8) (0,2,3,5,6,8,9) (0,2,7) (0,2,4,6,8,9) (3,6,9) {69,17,44,42,44,46,80,31,71,58}
[..#..#.] (1) (2,3) (0,5,6) (2,4,5,6) (0,1,4,5,6) (1,3,5) {19,21,6,7,19,20,19}
[##.#.#] (0,1,2,4) (0,1,3,5) (0,2,5) (1,5) {36,31,32,4,18,27}
[#.#...] (0,2,3,5) (0,2,3) (3,5) (1,4) (1,2) (0,1,2,5) (2,3,4) (0,1,3,4) {51,54,51,44,35,37}
[#...] (0,1,2) (0,1) (1,2) (2) (1,2,3) (0,2) {45,49,60,1}
[.#...#..] (0,1,5,6) (0,1,2,5,6,7) (4,7) (1,2,3,7) (3,5) (0,2,3,5,6,7) {131,38,128,135,17,145,131,145}
[####] (1,2,3) (0,3) (1,2) {16,16,16,18}
[#..###] (0,1,3,4,5) (3,4) (1,2,3,4) (3,5) (1,3,4,5) (4) (1,4,5) {1,48,11,53,68,40}
[#...##.] (0,2,5) (0,1,2,3,6) (0,1,2,5,6) (0,4,5) (1,2,3,4,5) (0,6) (0,1,5,6) (0,1,2) {50,43,33,27,14,27,46}
[.####..#] (0,1,2,3,4,7) (1,2,3,5,6) (0,1,2,3,6,7) (1,2,5,6) (1,2,3,5,6,7) (0,1,2,4,5,6,7) (1,4,5,6,7) (0,1,2,3,4,6,7) {45,94,89,56,42,67,80,61}
[####] (1,2) (2) (1,3) (0) (2,3) (0,2) {21,18,40,25}
[...####] (1,4) (0) (3,5,6) (1,4,6) (1,3,4) (2,5) (0,2,3,4,5) (0,1,3,4,5) (2,3,4,5,6) {144,52,32,81,84,65,42}
[.##.#.##.] (2,3) (1,4,6) (0,1,3,4,5,6,8) (0,1,3,4,7) (0,7) (0,2,3,4,5,6,8) (4,5,8) {199,32,11,30,53,39,38,174,39}
[....##] (1,5) (0,1,2,4) (0,1,3,4,5) (0,1,2,5) {159,174,5,154,157,171}
[#....] (0,2,3) (0,1,3,4) (1,2) (0,1,2,4) {41,37,26,27,33}
[.#.##] (0,1) (1,4) (2,4) (1,2,3) (0,3,4) {29,29,27,22,43}
[#......] (0) (2,3) (2,5,6) (0,3,4,6) (0,2,3,6) (0,2) (4,6) (0,1,2,3,4,5) {35,4,29,28,9,4,19}
[.#.#.####.] (7,8) (3,5,9) (0,2,6,8) (2,3,4,9) (2,3,8) (0,1,2,3,4,6,8,9) (2,5) (7) (0,5,6,7) (1,2,3,4,5,9) (0,1,4,5,8) (0,1,3,5,7,8) {48,25,64,55,33,73,34,35,50,40}
[...##..] (4,5) (0,1,4,5,6) (0,2,3,4,5) (1,3,4,5,6) (0,2,5) {9,12,5,9,31,35,12}
[##..###.#] (0,1,2,4,7,8) (1,2,3,4,6,8) (2,3,5,6,8) (0,7,8) (1,4,6,8) (4,6) (0,5) {28,15,14,12,23,12,21,16,29}
[#..#.##.##] (0,1,2,5,6,8,9) (1,5,6,7) (1,2,3,4,6,7,8,9) (3,8) (0,1,2,3,4,5,7,8) (3,6) (2,5,6) (2,8,9) (0,1,2,4,5,6,7,9) (0,1,2,3,4,6,7,8) {53,66,61,47,44,58,65,54,51,34}
[.#..##.#.] (1,3,4,5,6) (0,2,3,4,5,6) (1,2) (2,3,6,8) (0,1,3,4,5,6,8) (0) (0,1,3,4,5,7,8) (1,6,8) (0,1,2,5,6,7,8) (3,6,7,8) {67,85,174,195,57,74,212,43,205}
[.##.###.##] (3,5,7) (0,4,5,6) (1,2,3,4,7) (1,2,8,9) (3,4,5,6,9) (2,3,4,8) (0,4,9) (1,2,8) (0,2,3,4,5,6,7) (2,8) (0,1,2,3,4,8) (0,3,4,6,7,8,9) (5,8) {32,36,57,55,63,37,27,16,57,48}
[.###.#.] (4,5,6) (0,1,2,6) (1,4,5) (2,4) (0,3,4,6) (0,3) (0,1,3,4,5) (0,2,3,5) (0,1,2,3,5,6) {60,41,34,47,57,45,43}
